1000 1600.4
2000 6807.8
3000 15798.8
4000 29606.4
5000 48014.8
6000 71723.6
7000 102011
8000 138630
9000 176154
10000 219515
11000 266691
12000 319753
13000 379461
14000 441943
15000 501600
16000 586226
17000 664835
18000 749917
19000 833789
20000 924514
21000 1.06856e+006
22000 1.24816e+006
23000 1.27323e+006
24000 1.46144e+006
25000 1.62122e+006
26000 1.78663e+006
27000 1.73782e+006
28000 1.83661e+006
29000 2.10246e+006
30000 2.3481e+006
31000 2.43131e+006
32000 2.6165e+006
33000 2.75484e+006
34000 2.82058e+006
35000 3.1325e+006
36000 3.36436e+006
37000 3.68463e+006
38000 3.67103e+006
39000 3.99284e+006
40000 4.31124e+006
41000 4.30395e+006
42000 4.47332e+006
43000 4.6682e+006
44000 4.95124e+006
45000 4.92664e+006
46000 5.38224e+006
47000 5.70661e+006
48000 5.80498e+006
49000 5.9388e+006
50000 6.48652e+006
51000 6.25524e+006
52000 6.73383e+006
53000 7.14578e+006
54000 7.16176e+006
55000 7.56409e+006
56000 7.94712e+006
57000 8.257e+006
58000 8.1912e+006
59000 8.62661e+006
60000 9.0915e+006
61000 9.30472e+006
62000 1.00729e+007
63000 9.87716e+006
64000 1.00062e+007
65000 1.10337e+007
66000 1.07628e+007
67000 1.1679e+007
68000 1.19481e+007
69000 1.19216e+007
70000 1.23247e+007
71000 1.2843e+007
72000 1.21895e+007
73000 1.25602e+007
74000 1.35105e+007
75000 1.4078e+007
76000 1.54919e+007
77000 1.43914e+007
78000 1.46121e+007
79000 1.47456e+007
80000 1.55612e+007
81000 1.59843e+007
82000 1.5527e+007
83000 1.69607e+007
84000 1.66961e+007
85000 1.73511e+007
86000 1.73141e+007
87000 1.82528e+007
88000 1.83668e+007
89000 1.91306e+007
90000 1.90954e+007
91000 2.01937e+007
92000 2.01018e+007
93000 2.05861e+007
94000 2.17578e+007
95000 2.09583e+007
96000 2.21688e+007
97000 2.16684e+007
98000 2.26264e+007
99000 2.30753e+007
