1000 2632.4
2000 6807
3000 15007.6
4000 28008.8
5000 44054.4
6000 63968
7000 90570.8
8000 120402
9000 156165
10000 198509
11000 245316
12000 293308
13000 344119
14000 402782
15000 466962
16000 539986
17000 605581
18000 691158
19000 769400
20000 859548
21000 955254
22000 1.05146e+006
23000 1.14855e+006
24000 1.24869e+006
25000 1.36206e+006
26000 1.48108e+006
27000 1.59732e+006
28000 1.7124e+006
29000 1.84364e+006
30000 1.98528e+006
31000 2.11974e+006
32000 2.33506e+006
33000 2.41427e+006
34000 2.57441e+006
35000 2.72992e+006
36000 2.89678e+006
37000 3.03113e+006
38000 3.22066e+006
39000 3.39468e+006
40000 3.56204e+006
41000 3.75046e+006
42000 3.93469e+006
43000 4.18437e+006
44000 4.36567e+006
45000 4.53255e+006
46000 4.74788e+006
47000 4.96427e+006
48000 5.18018e+006
49000 5.41038e+006
50000 5.66011e+006
51000 5.93177e+006
52000 6.10833e+006
53000 6.31524e+006
54000 6.5587e+006
55000 6.80733e+006
56000 7.06352e+006
57000 7.42842e+006
58000 7.65443e+006
59000 7.91102e+006
60000 8.08151e+006
61000 8.42087e+006
62000 8.77382e+006
63000 8.99134e+006
64000 9.25853e+006
65000 9.55496e+006
66000 9.95678e+006
67000 1.01367e+007
68000 1.05758e+007
69000 1.07463e+007
70000 1.11624e+007
71000 1.15381e+007
72000 1.16936e+007
73000 1.20936e+007
74000 1.2411e+007
75000 1.26931e+007
76000 1.31784e+007
77000 1.34186e+007
78000 1.38018e+007
79000 1.42653e+007
80000 1.46612e+007
81000 1.48287e+007
82000 1.53821e+007
83000 1.55996e+007
84000 1.59775e+007
85000 1.62849e+007
86000 1.66909e+007
87000 1.72375e+007
88000 1.7515e+007
89000 1.80377e+007
90000 1.84198e+007
91000 1.87988e+007
92000 1.92526e+007
93000 1.97335e+007
94000 2.02453e+007
95000 2.04736e+007
96000 2.12154e+007
97000 2.18807e+007
98000 2.18076e+007
99000 2.24706e+007
