1000 401.4
2000 1604.8
3000 4404.8
4000 8024
5000 13001.2
6000 18371.2
7000 25701.6
8000 36683.2
9000 45644.2
10000 59998.8
11000 73797.6
12000 74915.2
13000 92683.8
14000 115499
15000 135526
16000 137261
17000 166695
18000 197299
19000 198909
20000 264553
21000 271918
22000 272034
23000 295703
24000 383634
25000 383596
26000 442066
27000 432712
28000 495733
29000 601889
30000 611438
31000 617775
32000 683993
33000 733057
34000 848613
35000 824409
36000 946527
37000 897356
38000 1.09262e+006
39000 1.07605e+006
40000 1.15625e+006
41000 1.23533e+006
42000 1.18189e+006
43000 1.33387e+006
44000 1.40167e+006
45000 1.48374e+006
46000 1.6869e+006
47000 1.67481e+006
48000 1.80648e+006
49000 1.74847e+006
50000 1.92712e+006
51000 1.79076e+006
52000 1.8284e+006
53000 2.16871e+006
54000 2.19714e+006
55000 2.27856e+006
56000 2.44152e+006
57000 2.48387e+006
58000 2.75041e+006
59000 2.66713e+006
60000 2.70769e+006
61000 3.07957e+006
62000 2.97599e+006
63000 3.13928e+006
64000 3.10461e+006
65000 3.2428e+006
66000 3.35095e+006
67000 3.49972e+006
68000 3.54069e+006
69000 3.75187e+006
70000 3.8354e+006
71000 4.21183e+006
72000 4.18358e+006
73000 4.20255e+006
74000 4.31955e+006
75000 4.36022e+006
76000 4.59988e+006
77000 4.64762e+006
78000 4.88599e+006
79000 5.01137e+006
80000 5.15576e+006
81000 5.09601e+006
82000 5.43784e+006
83000 5.56058e+006
84000 5.58946e+006
85000 5.50684e+006
86000 5.73891e+006
87000 5.72953e+006
88000 6.14365e+006
89000 6.18446e+006
90000 6.58338e+006
91000 6.31602e+006
92000 6.79863e+006
93000 6.75512e+006
94000 7.21263e+006
95000 7.45103e+006
96000 7.50152e+006
97000 7.65536e+006
98000 8.1227e+006
99000 7.63395e+006
