1000 1001.2
2000 3602.6
3000 5398.6
4000 17016
5000 9605.6
6000 16803.8
7000 12810.8
8000 15002
9000 25344.2
10000 39012.6
11000 59437
12000 34189.4
13000 16411.2
14000 28353
15000 29779.8
16000 18490.2
17000 48493.6
18000 50615.4
19000 23409.6
20000 24613.4
21000 25462.4
22000 61636.2
23000 47401.6
24000 47889.4
25000 31410.2
26000 55154.8
27000 33614.2
28000 58046.4
29000 59436.8
30000 86435.2
31000 88716.4
32000 46084.8
33000 70179.8
34000 98596.2
35000 77932.8
36000 45618.2
37000 106777
38000 49418.4
39000 83323.4
40000 51608.6
41000 53517.6
42000 124037
43000 91980.4
44000 130492
45000 63173.2
46000 98824.4
47000 140947
48000 103016
49000 105497
50000 144698
51000 157807
52000 202551
53000 119543
54000 161006
55000 162873
56000 74274.4
57000 218725
58000 178251
59000 132309
60000 227123
61000 131381
62000 187900
63000 140068
64000 140982
65000 139636
66000 204014
67000 95349.4
68000 99066.4
69000 151811
70000 151686
71000 273195
72000 157062
73000 100199
74000 158682
75000 291622
76000 172707
77000 172260
78000 177101
79000 180772
80000 305241
81000 243462
82000 246253
83000 254889
84000 183893
85000 116726
86000 190263
87000 268447
88000 272195
89000 195916
90000 125611
91000 129925
92000 282179
93000 126848
94000 130526
95000 133107
96000 298577
97000 292457
98000 136036
99000 217833
