1000 399.8
2000 0
3000 199.6
4000 399.4
5000 400.2
6000 1201.6
7000 1000.4
8000 1000
9000 801.2
10000 1512.8
11000 1001
12000 999.8
13000 1600.4
14000 1600
15000 1801.2
16000 1401.2
17000 2001
18000 1800.6
19000 2201.4
20000 1802.2
21000 2400.6
22000 2205.2
23000 2776.4
24000 2563
25000 2603.4
26000 3001.2
27000 3404.2
28000 2996.8
29000 3197.6
30000 3398.6
31000 3597.6
32000 3402.8
33000 3402
34000 3600
35000 3603.4
36000 3801.8
37000 4401.2
38000 4004.2
39000 5000.8
40000 4602.6
41000 4799.8
42000 4801.8
43000 5202.8
44000 5001.4
45000 5595.8
46000 5588.8
47000 5206.8
48000 5333.2
49000 5398.4
50000 6400.6
51000 5601.4
52000 5969.4
53000 6008.4
54000 6203.6
55000 6592.8
56000 7202.2
57000 7401
58000 6601.6
59000 6973.8
60000 6805.8
61000 7204.2
62000 7406.4
63000 7604.2
64000 6951.8
65000 7608.8
66000 7806.4
67000 7605.6
68000 7803.4
69000 8010.4
70000 8009.8
71000 9001.6
72000 8580.4
73000 9405.6
74000 9001
75000 9198
76000 9205.2
77000 10198.2
78000 9402.2
79000 10604.6
80000 11202.2
81000 10347.6
82000 10402.8
83000 10408.6
84000 10202.2
85000 10605
86000 10606.2
87000 10803.8
88000 10405.8
89000 10610
90000 10800.2
91000 11209.4
92000 11407.6
93000 11160.2
94000 11206.6
95000 12169.8
96000 11606.8
97000 11799.2
98000 12403.4
99000 11806.6
