1000 875.8
2000 2891.6
3000 7001.4
4000 11412.8
5000 17774.8
6000 26285.2
7000 36426.8
8000 46853.4
9000 60029.6
10000 73734.8
11000 86292
12000 103766
13000 126275
14000 142504
15000 160477
16000 183260
17000 209857
18000 229715
19000 266227
20000 361210
21000 359426
22000 420205
23000 533092
24000 587716
25000 797752
26000 602312
27000 717205
28000 674125
29000 891002
30000 1.07758e+006
31000 1.14513e+006
32000 1.28548e+006
33000 1.13495e+006
34000 1.267e+006
35000 1.73186e+006
36000 1.52956e+006
37000 1.61227e+006
38000 1.80227e+006
39000 1.46527e+006
40000 2.00707e+006
41000 2.02289e+006
42000 2.32374e+006
43000 2.40827e+006
44000 2.6361e+006
45000 2.65994e+006
46000 2.69615e+006
47000 3.02116e+006
48000 2.91083e+006
49000 3.02818e+006
50000 3.19243e+006
51000 3.35088e+006
52000 3.89788e+006
53000 3.38057e+006
54000 3.64764e+006
55000 4.07664e+006
56000 4.10261e+006
57000 4.40575e+006
58000 4.34036e+006
59000 5.02059e+006
60000 5.23434e+006
61000 4.53951e+006
62000 4.9355e+006
63000 4.86562e+006
64000 5.08973e+006
65000 5.11105e+006
66000 6.28622e+006
67000 6.03556e+006
68000 6.20013e+006
69000 6.83185e+006
70000 6.53824e+006
71000 6.98995e+006
72000 7.3441e+006
73000 7.33477e+006
74000 7.6312e+006
75000 7.4731e+006
76000 8.50305e+006
77000 7.65227e+006
78000 8.89744e+006
79000 8.92237e+006
80000 8.6053e+006
81000 9.18668e+006
82000 9.15646e+006
83000 9.70552e+006
84000 9.02955e+006
85000 9.69853e+006
86000 1.05322e+007
87000 1.0578e+007
88000 1.11533e+007
89000 1.06748e+007
90000 1.15736e+007
91000 1.12841e+007
92000 1.10363e+007
93000 1.25244e+007
94000 1.23452e+007
95000 1.29674e+007
96000 1.31098e+007
97000 1.37289e+007
98000 1.36514e+007
99000 1.37228e+007
